Приморско-Ахтарский район
103
110
104
Калининский район
109
112
Ейскиий район
116
117
118
119
Абинский район
17
19
Анапа
27
25
26
28
Славянский район
21
18
97
98
99
100
101
102
Тбилисский район
86
Белореченский район
31
30
50
32
51
Усть-Лабинский район
41
85
Апшеронский район
113
114
115
Горячий глюч
87
88
Курганинский район
131
132
133
Кавказский район
43
Гулькевичский район
42
Новокубанский район
134
135
45
136
Краснодар
29
Успенский район
137
Новороссийск
47
57
58
48
49
54
55
56
59
60
Крымский район
10
9
5
14
8
6
16
7
11
13
126
61
Лабинский район
120
121
124
127
122
128
129
130
123
12
125
Брюховеций район
105
106
107
111
108
Северский район
15
2
20
22
Геленджик
69
62
63
64
65
66
70
71
72
67
73
74
68
75
76
77
78
79
Мостовской район
33
39
35
44
46
36
138
139
52
53
80
82
83
81
84
Туапсинский район
40
34
140
141
91
95
96
142
143
144
92
93
94
145
146
147
148
Сочи
149
150
151
152
153
37
38
154
155
156
157
158
159
89
90
160
161
162
163
165
166
167
168
169
170
171
172
173
174
175
176
177
178
179
180
181
182
183
184
185
186
187
188
189
190
191
192
193
111
Темрюкский район
24
23
Армавир
4
Приморско-Ахтарский район
103
110
104
Калининский район
109
112
Ейскиий район
116
117
118
119
Абинский район
17
19
Анапа
27
25
26
28
Славянский район
21
18
97
98
99
100
101
102
Тбилисский район
86
Белореченский район
31
30
50
32
51
Усть-Лабинский район
41
85
Апшеронский район
113
114
115
Горячий глюч
87
88
Курганинский район
131
132
133
Кавказский район
43
Гулькевичский район
42
Новокубанский район
134
135
45
136
Краснодар
29
Успенский район
137
Новороссийск
47
57
58
48
49
54
55
56
59
60
Крымский район
10
9
5
14
8
6
16
7
11
13
126
61
Лабинский район
120
121
124
127
122
128
129
130
123
12
125
Брюховеций район
105
106
107
111
108
Северский район
15
2
20
22
Геленджик
69
62
63
64
65
66
70
71
72
67
73
74
68
75
76
77
78
79
Мостовской район
33
39
35
44
46
36
138
139
52
53
80
82
83
81
84
Туапсинский район
40
34
140
141
91
95
96
142
143
144
92
93
94
145
146
147
148
Сочи
149
150
151
152
153
37
38
154
155
156
157
158
159
89
90
160
161
162
163
165
166
167
168
169
170
171
172
173
174
175
176
177
178
179
180
181
182
183
184
185
186
187
188
189
190
191
192
193
111
Темрюкский район
24
23
Армавир
4
